0,544
0,543
0,542
0,541
36,4
36,3
36,2
36,1
36,0
0,540
35,3
35,2
35,1
35,0
0,539
0,538
0,537
0,536
34,5
34,4
34,3
34,2
34,1
34,0
33,4
33,3
33,2
33,1
33,0
0,535
0,534
0,533
32,3
32,2
0,532
32,1
32,0
0,531
0,530
0,529
31,3
31,2
0,528
31,1
31,0
30,3
30,2
0,527
30,1
30,0
29,4
29,3
29,2
29,1
29,0
28,4
28,3
28,2
28,1
28,0
27,4
27,3
27,2
27,1
27,0
0,526
0,525
0,524
0,523
0,522
0,521
0,520
0,519
0,518
0,517
0,516
0,515
0,514
0,513
0,512
0,511
0,510
26,3
26,2
0,509
26,1
26,0
0,508
0,507
0,506
25,4
25,3
25,2
0,505
25,1
25,0
22,0
19,3
19,2
19,1
19,0
17,4
17,3
17,2
17,1
17,0
16,4
16,3
16,2
16,1
16,0
15,4
15,3
15,2
15,1
15,0
4,3
4,2
4,1
4,0
3,3
3,2
3,1
3,0
2,2
1,2
0,494
0,408
0,322
0,310
0,305
0,302
2,1
2,3
1,1
2,0
1,3
0,243
1,0
0,9
0,307
0,308
0,304
0,303
0,12
0,10
0,8
0,0
0,417
0,300
0,504
0,503
0,299
0,502
0,416
0,298
0,501
0,415
0,297
0,500
0,499
0,296
0,498
0,497
0,295
0,496
0,495
0,294
0,414
0,293
0,493
0,413
0,292
0,492
0,412
0,291
0,411
0,410
0,290
0,409
0,289
0,491
0,288
0,490
0,287
0,489
0,407
0,286
0,488
0,285
0,487
0,284
0,406
0,283
0,486
0,405
0,282
0,485
0,281
0,280
0,279
0,404
0,278
0,403
0,277
0,484
0,402
0,276
0,401
0,400
0,275
0,482
0,399
0,274
0,483
0,273
0,481
0,480
0,272
0,398
0,271
0,479
0,478
0,270
0,477
0,476
0,269
0,475
0,397
0,268
0,474
0,396
0,267
0,395
0,266
0,473
0,393
0,265
0,472
0,392
0,264
0,471
0,394
0,263
0,391
0,390
0,262
0,389
0,261
0,388
0,387
0,260
0,386
0,385
0,259
0,384
0,383
0,258
0,382
0,381
0,257
0,470
0,469
0,256
0,468
0,380
0,255
0,467
0,379
22,1
22,2
22,4
22,5
24,1
24,2
24,4
24,3
24,0
22,3
0,254
0,466
0,378
0,253
0,252
0,465
0,376
0,251
0,464
0,375
0,250
0,463
0,377
0,249
0,374
0,373
0,248
0,372
0,371
0,247
0,370
0,369
0,246
0,368
0,367
0,245
0,366
0,365
0,244
0,364
0,363
0,242
0,462
0,241
0,461
0,362
0,240
0,460
0,361
0,239
0,459
0,360
0,238
0,458
0,237
0,359
0,236
0,358
0,235
0,457
0,234
0,456
0,233
0,455
0,232
0,454
0,357
0,231
0,453
0,356
0,230
0,452
0,355
0,229
0,354
0,353
0,228
0,352
0,227
0,451
0,226
0,225
0,351
0,224
0,450
0,350
0,223
0,449
0,349
0,222
0,348
0,221
0,220
0,347
0,219
0,448
0,346
0,218
0,345
0,217
0,344
0,216
0,343
0,215
0,342
0,214
0,341
0,213
0,447
0,212
0,446
0,340
0,211
0,445
0,339
0,210
0,338
0,209
0,337
0,208
0,444
0,207
0,443
0,206
0,336
0,205
0,335
0,204
0,334
0,203
0,442
0,333
0,202
0,332
0,201
0,441
0,331
0,200
0,440
0,199
0,330
0,198
0,329
0,197
0,439
0,328
0,196
0,327
0,195
0,438
0,194
0,437
0,193
0,435
0,326
0,192
0,434
0,325
0,63
0,436
0,324
0,62
0,433
0,323
0,61
0,432
0,60
0,431
0,321
0,59
0,320
0,58
0,319
0,57
0,429
0,318
0,56
0,428
0,55
0,430
0,54
0,427
0,317
0,53
0,425
0,316
0,52
0,424
0,315
0,51
0,426
0,314
0,50
0,423
0,313
0,49
0,422
0,312
0,48
0,421
0,311
0,47
0,419
0,309
0,46
0,418
0,306
0,45
0,420
0,301
0,6
0,5
0,1
0,11
0,4
0,2
0,3
0,7
